layout_spectrum: 0.3764769
color:
  saturation: 0.2132116
  brandStrength: 0.7772732
  lightness: 0.5526316
  rhythmicContrast: 0.2851772
typography_spectrum: 0.5504833
name: DhanyIrfan
